1762949189852 413026.4 0 aca4c2e92a214dfbb2d4a97311bcdbeb
1762949189852 413026.4 0 aca4c2e92a214dfbb2d4a97311bcdbeb
1762949189852 413026.4 0 aca4c2e92a214dfbb2d4a97311bcdbeb
1762949189852 413026.4 0 aca4c2e92a214dfbb2d4a97311bcdbeb
1762949189852 413026.4 0 aca4c2e92a214dfbb2d4a97311bcdbeb
1762949189852 413026.4 0 aca4c2e92a214dfbb2d4a97311bcdbeb
1762949189852 413026.4 0 aca4c2e92a214dfbb2d4a97311bcdbeb
1762949189852 413026.4 0 aca4c2e92a214dfbb2d4a97311bcdbeb
1762949189852 413026.4 0 aca4c2e92a214dfbb2d4a97311bcdbeb
1762949189852 413026.4 0 aca4c2e92a214dfbb2d4a97311bcdbeb
1762949189852 413026.4 0 aca4c2e92a214dfbb2d4a97311bcdbeb
1762949189852 413026.4 0 aca4c2e92a214dfbb2d4a97311bcdbeb
1762949189852 413026.4 0 aca4c2e92a214dfbb2d4a97311bcdbeb
1762949189852 413026.4 0 aca4c2e92a214dfbb2d4a97311bcdbeb
1762949189852 413026.4 0 aca4c2e92a214dfbb2d4a97311bcdbeb
1762949189852 413026.4 0 aca4c2e92a214dfbb2d4a97311bcdbeb
