1762949189852 10607.7 0 aca4c2e92a214dfbb2d4a97311bcdbeb
1762949189852 10607.7 0 aca4c2e92a214dfbb2d4a97311bcdbeb
1762949189852 10607.7 0 aca4c2e92a214dfbb2d4a97311bcdbeb
1762949189852 10607.7 0 aca4c2e92a214dfbb2d4a97311bcdbeb
1762949189852 10607.7 0 aca4c2e92a214dfbb2d4a97311bcdbeb
1762949189852 10607.7 0 aca4c2e92a214dfbb2d4a97311bcdbeb
1762949189852 10607.7 0 aca4c2e92a214dfbb2d4a97311bcdbeb
1762949189852 10607.7 0 aca4c2e92a214dfbb2d4a97311bcdbeb
1762949189852 10607.7 0 aca4c2e92a214dfbb2d4a97311bcdbeb
1762949189852 10607.7 0 aca4c2e92a214dfbb2d4a97311bcdbeb
1762949189852 10607.7 0 aca4c2e92a214dfbb2d4a97311bcdbeb
1762949189852 10607.7 0 aca4c2e92a214dfbb2d4a97311bcdbeb
1762949189852 10607.7 0 aca4c2e92a214dfbb2d4a97311bcdbeb
1762949189852 10607.7 0 aca4c2e92a214dfbb2d4a97311bcdbeb
1762949189852 10607.7 0 aca4c2e92a214dfbb2d4a97311bcdbeb
1762949189852 10607.7 0 aca4c2e92a214dfbb2d4a97311bcdbeb
1762949189852 10607.7 0 aca4c2e92a214dfbb2d4a97311bcdbeb
1762949189852 10607.7 0 aca4c2e92a214dfbb2d4a97311bcdbeb
1762949189852 10607.7 0 aca4c2e92a214dfbb2d4a97311bcdbeb
1762949189852 10607.7 0 aca4c2e92a214dfbb2d4a97311bcdbeb
1762949189852 10607.7 0 aca4c2e92a214dfbb2d4a97311bcdbeb
1762949189852 10607.7 0 aca4c2e92a214dfbb2d4a97311bcdbeb
1762949189852 10607.7 0 aca4c2e92a214dfbb2d4a97311bcdbeb
1762949189852 10607.7 0 aca4c2e92a214dfbb2d4a97311bcdbeb
1762949189852 10607.7 0 aca4c2e92a214dfbb2d4a97311bcdbeb
1762949189852 10607.7 0 aca4c2e92a214dfbb2d4a97311bcdbeb
1762949189852 10607.7 0 aca4c2e92a214dfbb2d4a97311bcdbeb
1762949189852 10607.7 0 aca4c2e92a214dfbb2d4a97311bcdbeb
1762949189852 10607.7 0 aca4c2e92a214dfbb2d4a97311bcdbeb
1762949189852 10607.7 0 aca4c2e92a214dfbb2d4a97311bcdbeb
1762949189852 10607.7 0 aca4c2e92a214dfbb2d4a97311bcdbeb
1762949189852 10607.7 0 aca4c2e92a214dfbb2d4a97311bcdbeb
