1762949189206 15.625 0
1762949190389 29.563737623762375 100
1762949191496 37.119092039801 200
1762949192599 42.16154485049834 300
1762949193704 46.115180798004985 400
1762949194916 49.05501497005988 500
1762949196066 51.162125623960065 600
1762949197191 52.884272467902996 700
1762949198370 54.418305243445694 800
1762949199640 55.56326304106548 900
1762949189206 15.625 0
1762949208815 70.3125 938
1762949210277 66.38304455445545 1038
1762949211410 66.23134328358209 1138
1762949212564 66.43999169435216 1238
1762949213693 66.6536783042394 1338
1762949214840 66.9192864271457 1438
1762949215984 67.13290349417638 1538
1762949217177 67.52184379457917 1638
1762949218539 67.71418539325843 1738
1762949219908 68.07019977802442 1838
1762949189206 15.625 0
1762949189206 15.625 0
1762949226485 68.75 1876
1762949227728 70.69925742574257 1976
1762949228849 71.31529850746269 2076
1762949229975 71.67774086378738 2176
1762949231076 71.83993142144638 2276
1762949232239 71.98103792415169 2376
1762949233368 72.09338602329451 2476
1762949234553 72.31856276747503 2576
1762949235795 72.47386079900124 2676
1762949237186 72.76290233074361 2776
1762949189206 15.625 0
1762949189206 15.625 0
1762949189206 15.625 0
1762949189206 15.625 0
1762949243668 73.4375 2814
1762949244896 74.30383663366337 2914
1762949246022 74.58799751243781 3014
1762949247213 74.60548172757476 3114
1762949248344 75.04286159600997 3214
1762949249478 75.23390718562874 3314
1762949250746 75.40297420965058 3414
1762949252155 75.7533880171184 3514
1762949253506 75.96754057428215 3614
1762949254852 76.06652330743619 3714
1762949189206 15.625 0
1762949189206 15.625 0
1762949189206 15.625 0
1762949189206 15.625 0
1762949189206 15.625 0
1762949189206 15.625 0
1762949189206 15.625 0
1762949189206 15.625 0
1762949261326 68.75 3752
1762949262555 77.1503712871287 3852
1762949263678 77.1610696517413 3952
1762949264804 77.3203903654485 4052
1762949265919 77.7041770573566 4152
1762949267091 77.89109281437126 4252
1762949268230 77.74282445923461 4352
1762949269570 77.87981455064194 4452
1762949271004 78.04697253433208 4552
1762949272415 78.1458102108768 4652
1762949189206 15.625 0
1762949189206 15.625 0
1762949189206 15.625 0
1762949189206 15.625 0
1762949189206 15.625 0
1762949189206 15.625 0
1762949189206 15.625 0
1762949189206 15.625 0
1762949189206 15.625 0
1762949189206 15.625 0
1762949189206 15.625 0
1762949189206 15.625 0
1762949189206 15.625 0
1762949189206 15.625 0
1762949189206 15.625 0
1762949189206 15.625 0
1762949189206 15.625 0
1762949189206 15.625 0
1762949189206 15.625 0
1762949189206 15.625 0
1762949189206 15.625 0
1762949189206 15.625 0
1762949189206 15.625 0
1762949189206 15.625 0
1762949189206 15.625 0
1762949189206 15.625 0
1762949189206 15.625 0
1762949189206 15.625 0
1762949189206 15.625 0
1762949189206 15.625 0
1762949189206 15.625 0
1762949189206 15.625 0
1762949189206 15.625 0
1762949189206 15.625 0
1762949189206 15.625 0
1762949189206 15.625 0
1762949189206 15.625 0
1762949189206 15.625 0
1762949189206 15.625 0
1762949189206 15.625 0
1762949189206 15.625 0
1762949189206 15.625 0
1762949189206 15.625 0
1762949189206 15.625 0
1762949189206 15.625 0
1762949189206 15.625 0
1762949189206 15.625 0
1762949189206 15.625 0
