1762949189206 2.276479482650757 0
1762949190389 2.2185047121331243 100
1762949191496 2.1635898238983913 200
1762949192599 2.110524286067367 300
1762949193704 2.0516039691958343 400
1762949194916 1.9921023821878339 500
1762949196066 1.932449067095155 600
1762949197191 1.8721085341272612 700
1762949198370 1.8116149436519684 800
1762949199640 1.7557084278578763 900
1762949189206 2.276479482650757 0
1762949208815 1.2612775564193726 938
1762949210277 1.187856661211146 1038
1762949211410 1.1681715988401156 1138
1762949212564 1.1405358015500826 1238
1762949213693 1.1152480454218952 1338
1762949214840 1.0935459954296043 1438
1762949215984 1.0734992469606701 1538
1762949217177 1.0538765550850122 1638
1762949218539 1.0380354016907654 1738
1762949219908 1.0229769710959922 1838
1762949189206 2.276479482650757 0
1762949189206 2.276479482650757 0
1762949226485 0.8690439462661743 1876
1762949227728 0.8624339546307479 1976
1762949228849 0.8610477008629794 2076
1762949229975 0.8527855879048573 2176
1762949231076 0.8474379045113066 2276
1762949232239 0.841639894330335 2376
1762949233368 0.8340834997061287 2476
1762949234553 0.8248467347591307 2576
1762949235795 0.8199705925773592 2676
1762949237186 0.8134185157790698 2776
1762949189206 2.276479482650757 0
1762949189206 2.276479482650757 0
1762949189206 2.276479482650757 0
1762949189206 2.276479482650757 0
1762949243668 0.7169984579086304 2814
1762949244896 0.7672159376710949 2914
1762949246022 0.7532333031815676 3014
1762949247213 0.7488904579533295 3114
1762949248344 0.7434162491574846 3214
1762949249478 0.7362316589869425 3314
1762949250746 0.734363800376505 3414
1762949252155 0.7272596559919066 3514
1762949253506 0.7221827904383341 3614
1762949254852 0.7189454440602188 3714
1762949189206 2.276479482650757 0
1762949189206 2.276479482650757 0
1762949189206 2.276479482650757 0
1762949189206 2.276479482650757 0
1762949189206 2.276479482650757 0
1762949189206 2.276479482650757 0
1762949189206 2.276479482650757 0
1762949189206 2.276479482650757 0
1762949261326 0.8857288956642151 3752
1762949262555 0.682868486583823 3852
1762949263678 0.6828796071792717 3952
1762949264804 0.6785294636341425 4052
1762949265919 0.6694570070044358 4152
1762949267091 0.6645933741818884 4252
1762949268230 0.6650974834818213 4352
1762949269570 0.6607170422985278 4452
1762949271004 0.6584551851549993 4552
1762949272415 0.6564731689854282 4652
1762949189206 2.276479482650757 0
1762949189206 2.276479482650757 0
1762949189206 2.276479482650757 0
1762949189206 2.276479482650757 0
1762949189206 2.276479482650757 0
1762949189206 2.276479482650757 0
1762949189206 2.276479482650757 0
1762949189206 2.276479482650757 0
1762949189206 2.276479482650757 0
1762949189206 2.276479482650757 0
1762949189206 2.276479482650757 0
1762949189206 2.276479482650757 0
1762949189206 2.276479482650757 0
1762949189206 2.276479482650757 0
1762949189206 2.276479482650757 0
1762949189206 2.276479482650757 0
1762949189206 2.276479482650757 0
1762949189206 2.276479482650757 0
1762949189206 2.276479482650757 0
1762949189206 2.276479482650757 0
1762949189206 2.276479482650757 0
1762949189206 2.276479482650757 0
1762949189206 2.276479482650757 0
1762949189206 2.276479482650757 0
1762949189206 2.276479482650757 0
1762949189206 2.276479482650757 0
1762949189206 2.276479482650757 0
1762949189206 2.276479482650757 0
1762949189206 2.276479482650757 0
1762949189206 2.276479482650757 0
1762949189206 2.276479482650757 0
1762949189206 2.276479482650757 0
1762949189206 2.276479482650757 0
1762949189206 2.276479482650757 0
1762949189206 2.276479482650757 0
1762949189206 2.276479482650757 0
1762949189206 2.276479482650757 0
1762949189206 2.276479482650757 0
1762949189206 2.276479482650757 0
1762949189206 2.276479482650757 0
1762949189206 2.276479482650757 0
1762949189206 2.276479482650757 0
1762949189206 2.276479482650757 0
1762949189206 2.276479482650757 0
1762949189206 2.276479482650757 0
1762949189206 2.276479482650757 0
1762949189206 2.276479482650757 0
1762949189206 2.276479482650757 0
