1762949201626 55.958333333333336 0
1762949201626 55.958333333333336 0
1762949222112 68.13666666666667 1
1762949201626 55.958333333333336 0
1762949201626 55.958333333333336 0
1762949239259 72.86166666666666 2
1762949201626 55.958333333333336 0
1762949201626 55.958333333333336 0
1762949201626 55.958333333333336 0
1762949201626 55.958333333333336 0
1762949256910 76.10833333333333 3
1762949201626 55.958333333333336 0
1762949201626 55.958333333333336 0
1762949201626 55.958333333333336 0
1762949201626 55.958333333333336 0
1762949201626 55.958333333333336 0
1762949201626 55.958333333333336 0
1762949201626 55.958333333333336 0
1762949201626 55.958333333333336 0
1762949274506 78.23166666666667 4
1762949201626 55.958333333333336 0
1762949201626 55.958333333333336 0
1762949201626 55.958333333333336 0
1762949201626 55.958333333333336 0
1762949201626 55.958333333333336 0
1762949201626 55.958333333333336 0
1762949201626 55.958333333333336 0
1762949201626 55.958333333333336 0
1762949201626 55.958333333333336 0
1762949201626 55.958333333333336 0
1762949201626 55.958333333333336 0
1762949201626 55.958333333333336 0
1762949201626 55.958333333333336 0
1762949201626 55.958333333333336 0
1762949201626 55.958333333333336 0
1762949201626 55.958333333333336 0
1762949201626 55.958333333333336 0
1762949201626 55.958333333333336 0
1762949201626 55.958333333333336 0
1762949201626 55.958333333333336 0
1762949201626 55.958333333333336 0
1762949201626 55.958333333333336 0
1762949201626 55.958333333333336 0
1762949201626 55.958333333333336 0
1762949201626 55.958333333333336 0
1762949201626 55.958333333333336 0
1762949201626 55.958333333333336 0
1762949201626 55.958333333333336 0
1762949201626 55.958333333333336 0
1762949201626 55.958333333333336 0
1762949201626 55.958333333333336 0
1762949201626 55.958333333333336 0
1762949201626 55.958333333333336 0
1762949201626 55.958333333333336 0
1762949201626 55.958333333333336 0
1762949201626 55.958333333333336 0
1762949201626 55.958333333333336 0
1762949201626 55.958333333333336 0
1762949201626 55.958333333333336 0
1762949201626 55.958333333333336 0
1762949201626 55.958333333333336 0
1762949201626 55.958333333333336 0
1762949201626 55.958333333333336 0
1762949201626 55.958333333333336 0
1762949201626 55.958333333333336 0
1762949201626 55.958333333333336 0
1762949201626 55.958333333333336 0
1762949201626 55.958333333333336 0
