1762949201626 1.7359700204212782 0
1762949201626 1.7359700204212782 0
1762949222112 1.0173232660873104 1
1762949201626 1.7359700204212782 0
1762949201626 1.7359700204212782 0
1762949239259 0.8108430219484545 2
1762949201626 1.7359700204212782 0
1762949201626 1.7359700204212782 0
1762949201626 1.7359700204212782 0
1762949201626 1.7359700204212782 0
1762949256910 0.7172138317942873 3
1762949201626 1.7359700204212782 0
1762949201626 1.7359700204212782 0
1762949201626 1.7359700204212782 0
1762949201626 1.7359700204212782 0
1762949201626 1.7359700204212782 0
1762949201626 1.7359700204212782 0
1762949201626 1.7359700204212782 0
1762949201626 1.7359700204212782 0
1762949274506 0.6549148517313288 4
1762949201626 1.7359700204212782 0
1762949201626 1.7359700204212782 0
1762949201626 1.7359700204212782 0
1762949201626 1.7359700204212782 0
1762949201626 1.7359700204212782 0
1762949201626 1.7359700204212782 0
1762949201626 1.7359700204212782 0
1762949201626 1.7359700204212782 0
1762949201626 1.7359700204212782 0
1762949201626 1.7359700204212782 0
1762949201626 1.7359700204212782 0
1762949201626 1.7359700204212782 0
1762949201626 1.7359700204212782 0
1762949201626 1.7359700204212782 0
1762949201626 1.7359700204212782 0
1762949201626 1.7359700204212782 0
1762949201626 1.7359700204212782 0
1762949201626 1.7359700204212782 0
1762949201626 1.7359700204212782 0
1762949201626 1.7359700204212782 0
1762949201626 1.7359700204212782 0
1762949201626 1.7359700204212782 0
1762949201626 1.7359700204212782 0
1762949201626 1.7359700204212782 0
1762949201626 1.7359700204212782 0
1762949201626 1.7359700204212782 0
1762949201626 1.7359700204212782 0
1762949201626 1.7359700204212782 0
1762949201626 1.7359700204212782 0
1762949201626 1.7359700204212782 0
1762949201626 1.7359700204212782 0
1762949201626 1.7359700204212782 0
1762949201626 1.7359700204212782 0
1762949201626 1.7359700204212782 0
1762949201626 1.7359700204212782 0
1762949201626 1.7359700204212782 0
1762949201626 1.7359700204212782 0
1762949201626 1.7359700204212782 0
1762949201626 1.7359700204212782 0
1762949201626 1.7359700204212782 0
1762949201626 1.7359700204212782 0
1762949201626 1.7359700204212782 0
1762949201626 1.7359700204212782 0
1762949201626 1.7359700204212782 0
1762949201626 1.7359700204212782 0
1762949201626 1.7359700204212782 0
1762949201626 1.7359700204212782 0
1762949201626 1.7359700204212782 0
