1762949189852 0.0 0
1762949190883 20.5 1
1762949191917 14.2 2
1762949192947 12.5 3
1762949193972 10.9 4
1762949195001 10.5 5
1762949196042 17.4 6
1762949197066 10.6 7
1762949198095 9.4 8
1762949199127 12.0 9
1762949200160 11.3 10
1762949201191 12.9 11
1762949189852 0.0 0
1762949202235 17.0 12
1762949203264 9.9 13
1762949204279 8.4 14
1762949205310 6.8 15
1762949206342 11.3 16
1762949207360 15.2 17
1762949208384 9.8 18
1762949209432 33.7 19
1762949210470 50.4 20
1762949211503 20.6 21
1762949212537 11.9 22
1762949213562 10.1 23
1762949214585 13.7 24
1762949215607 11.2 25
1762949216636 8.8 26
1762949217672 13.0 27
1762949218700 13.1 28
1762949219724 12.5 29
1762949220753 11.8 30
1762949221785 19.6 31
1762949189852 0.0 0
1762949189852 0.0 0
1762949222813 11.0 32
1762949223838 17.2 33
1762949224867 13.4 34
1762949225892 16.9 35
1762949226921 12.3 36
1762949227971 22.0 37
1762949229004 12.3 38
1762949230051 9.5 39
1762949231097 11.7 40
1762949232139 10.6 41
1762949233176 11.1 42
1762949234213 11.6 43
1762949235252 11.1 44
1762949236289 14.3 45
1762949237329 14.0 46
1762949238365 12.7 47
1762949189852 0.0 0
1762949189852 0.0 0
1762949189852 0.0 0
1762949189852 0.0 0
1762949239401 21.2 48
1762949240433 14.1 49
1762949241467 13.9 50
1762949242501 12.0 51
1762949243540 14.5 52
1762949244586 11.9 53
1762949245628 22.4 54
1762949246659 12.3 55
1762949247704 22.3 56
1762949248748 11.3 57
1762949249792 13.8 58
1762949250842 14.8 59
1762949251885 13.1 60
1762949252923 17.0 61
1762949253955 13.0 62
1762949254985 12.2 63
1762949256022 12.1 64
1762949189852 0.0 0
1762949189852 0.0 0
1762949189852 0.0 0
1762949189852 0.0 0
1762949189852 0.0 0
1762949189852 0.0 0
1762949189852 0.0 0
1762949189852 0.0 0
1762949257056 19.7 65
1762949258086 12.0 66
1762949259118 14.7 67
1762949260159 13.6 68
1762949261197 10.7 69
1762949262242 9.9 70
1762949263281 24.3 71
1762949264319 11.4 72
1762949265355 14.4 73
1762949266391 15.4 74
1762949267443 14.3 75
1762949268481 11.6 76
1762949269519 13.1 77
1762949270550 11.4 78
1762949271587 11.6 79
1762949272631 20.6 80
1762949273672 15.4 81
1762949189852 0.0 0
1762949189852 0.0 0
1762949189852 0.0 0
1762949189852 0.0 0
1762949189852 0.0 0
1762949189852 0.0 0
1762949189852 0.0 0
1762949189852 0.0 0
1762949189852 0.0 0
1762949189852 0.0 0
1762949189852 0.0 0
1762949189852 0.0 0
1762949189852 0.0 0
1762949189852 0.0 0
1762949189852 0.0 0
1762949189852 0.0 0
1762949274713 20.5 82
1762949275744 14.6 83
1762949276787 14.1 84
1762949277809 9.5 85
1762949278850 9.7 86
1762949189852 0.0 0
1762949189852 0.0 0
1762949189852 0.0 0
1762949189852 0.0 0
1762949189852 0.0 0
1762949189852 0.0 0
1762949189852 0.0 0
1762949189852 0.0 0
1762949189852 0.0 0
1762949189852 0.0 0
1762949189852 0.0 0
1762949189852 0.0 0
1762949189852 0.0 0
1762949189852 0.0 0
1762949189852 0.0 0
1762949189852 0.0 0
1762949189852 0.0 0
1762949189852 0.0 0
1762949189852 0.0 0
1762949189852 0.0 0
1762949189852 0.0 0
1762949189852 0.0 0
1762949189852 0.0 0
1762949189852 0.0 0
1762949189852 0.0 0
1762949189852 0.0 0
1762949189852 0.0 0
1762949189852 0.0 0
1762949189852 0.0 0
1762949189852 0.0 0
1762949189852 0.0 0
1762949189852 0.0 0
1762949279891 7.9 87
1762949280918 12.5 88
1762949281947 11.1 89
1762949282978 11.8 90
