1762949189852 67264.7 0
1762949190883 67264.8 1
1762949191917 67264.8 2
1762949192947 67264.8 3
1762949193972 67264.8 4
1762949195001 67264.8 5
1762949196042 67264.8 6
1762949197066 67264.8 7
1762949198095 67264.8 8
1762949199127 67264.8 9
1762949200160 67264.8 10
1762949201191 67264.8 11
1762949189852 67264.7 0
1762949202235 67263.8 12
1762949203264 67261.1 13
1762949204279 67261.1 14
1762949205310 67261.1 15
1762949206342 67261.1 16
1762949207360 67261.1 17
1762949208384 67261.1 18
1762949209432 67261.0 19
1762949210470 67261.0 20
1762949211503 67261.0 21
1762949212537 67261.0 22
1762949213562 67261.0 23
1762949214585 67261.0 24
1762949215607 67261.0 25
1762949216636 67261.0 26
1762949217672 67261.0 27
1762949218700 67261.0 28
1762949219724 67261.0 29
1762949220753 67261.0 30
1762949221785 67261.0 31
1762949189852 67264.7 0
1762949189852 67264.7 0
1762949222813 67261.0 32
1762949223838 67258.3 33
1762949224867 67258.3 34
1762949225892 67258.2 35
1762949226921 67257.1 36
1762949227971 67256.6 37
1762949229004 67256.6 38
1762949230051 67256.6 39
1762949231097 67256.6 40
1762949232139 67256.6 41
1762949233176 67256.6 42
1762949234213 67256.6 43
1762949235252 67256.6 44
1762949236289 67256.6 45
1762949237329 67256.6 46
1762949238365 67256.6 47
1762949189852 67264.7 0
1762949189852 67264.7 0
1762949189852 67264.7 0
1762949189852 67264.7 0
1762949239401 67256.6 48
1762949240433 67253.9 49
1762949241467 67253.9 50
1762949242501 67253.9 51
1762949243540 67253.9 52
1762949244586 67253.9 53
1762949245628 67253.9 54
1762949246659 67253.9 55
1762949247704 67251.8 56
1762949248748 67251.8 57
1762949249792 67251.8 58
1762949250842 67251.8 59
1762949251885 67251.8 60
1762949252923 67251.8 61
1762949253955 67251.8 62
1762949254985 67251.8 63
1762949256022 67251.8 64
1762949189852 67264.7 0
1762949189852 67264.7 0
1762949189852 67264.7 0
1762949189852 67264.7 0
1762949189852 67264.7 0
1762949189852 67264.7 0
1762949189852 67264.7 0
1762949189852 67264.7 0
1762949257056 67251.8 65
1762949258086 67251.7 66
1762949259118 67249.1 67
1762949260159 67249.1 68
1762949261197 67249.1 69
1762949262242 67249.1 70
1762949263281 67249.0 71
1762949264319 67249.0 72
1762949265355 67249.0 73
1762949266391 67249.0 74
1762949267443 67249.0 75
1762949268481 67249.0 76
1762949269519 67249.0 77
1762949270550 67249.0 78
1762949271587 67249.0 79
1762949272631 67249.0 80
1762949273672 67249.0 81
1762949189852 67264.7 0
1762949189852 67264.7 0
1762949189852 67264.7 0
1762949189852 67264.7 0
1762949189852 67264.7 0
1762949189852 67264.7 0
1762949189852 67264.7 0
1762949189852 67264.7 0
1762949189852 67264.7 0
1762949189852 67264.7 0
1762949189852 67264.7 0
1762949189852 67264.7 0
1762949189852 67264.7 0
1762949189852 67264.7 0
1762949189852 67264.7 0
1762949189852 67264.7 0
1762949274713 67249.0 82
1762949275744 67249.0 83
1762949276787 67246.3 84
1762949277809 67246.3 85
1762949278850 67246.3 86
1762949189852 67264.7 0
1762949189852 67264.7 0
1762949189852 67264.7 0
1762949189852 67264.7 0
1762949189852 67264.7 0
1762949189852 67264.7 0
1762949189852 67264.7 0
1762949189852 67264.7 0
1762949189852 67264.7 0
1762949189852 67264.7 0
1762949189852 67264.7 0
1762949189852 67264.7 0
1762949189852 67264.7 0
1762949189852 67264.7 0
1762949189852 67264.7 0
1762949189852 67264.7 0
1762949189852 67264.7 0
1762949189852 67264.7 0
1762949189852 67264.7 0
1762949189852 67264.7 0
1762949189852 67264.7 0
1762949189852 67264.7 0
1762949189852 67264.7 0
1762949189852 67264.7 0
1762949189852 67264.7 0
1762949189852 67264.7 0
1762949189852 67264.7 0
1762949189852 67264.7 0
1762949189852 67264.7 0
1762949189852 67264.7 0
1762949189852 67264.7 0
1762949189852 67264.7 0
1762949279891 67246.3 87
1762949280918 67242.4 88
1762949281947 67242.4 89
1762949282978 67242.4 90
