1762949189852 413026.4 0
1762949190883 413026.3 1
1762949191917 413026.3 2
1762949192947 413026.3 3
1762949193972 413026.3 4
1762949195001 413026.3 5
1762949196042 413026.3 6
1762949197066 413026.3 7
1762949198095 413026.3 8
1762949199127 413026.3 9
1762949200160 413026.3 10
1762949201191 413026.3 11
1762949189852 413026.4 0
1762949202235 413027.4 12
1762949203264 413030.1 13
1762949204279 413030.1 14
1762949205310 413030.1 15
1762949206342 413030.1 16
1762949207360 413030.1 17
1762949208384 413030.1 18
1762949209432 413030.1 19
1762949210470 413030.1 20
1762949211503 413030.1 21
1762949212537 413030.1 22
1762949213562 413030.1 23
1762949214585 413030.1 24
1762949215607 413030.1 25
1762949216636 413030.2 26
1762949217672 413030.2 27
1762949218700 413030.2 28
1762949219724 413030.2 29
1762949220753 413030.2 30
1762949221785 413030.1 31
1762949189852 413026.4 0
1762949189852 413026.4 0
1762949222813 413030.1 32
1762949223838 413032.8 33
1762949224867 413032.8 34
1762949225892 413033.0 35
1762949226921 413034.0 36
1762949227971 413034.5 37
1762949229004 413034.5 38
1762949230051 413034.5 39
1762949231097 413034.5 40
1762949232139 413034.5 41
1762949233176 413034.5 42
1762949234213 413034.5 43
1762949235252 413034.5 44
1762949236289 413034.5 45
1762949237329 413034.5 46
1762949238365 413034.5 47
1762949189852 413026.4 0
1762949189852 413026.4 0
1762949189852 413026.4 0
1762949189852 413026.4 0
1762949239401 413034.5 48
1762949240433 413037.3 49
1762949241467 413037.3 50
1762949242501 413037.3 51
1762949243540 413037.3 52
1762949244586 413037.3 53
1762949245628 413037.3 54
1762949246659 413037.3 55
1762949247704 413039.4 56
1762949248748 413039.4 57
1762949249792 413039.4 58
1762949250842 413039.4 59
1762949251885 413039.4 60
1762949252923 413039.4 61
1762949253955 413039.4 62
1762949254985 413039.4 63
1762949256022 413039.4 64
1762949189852 413026.4 0
1762949189852 413026.4 0
1762949189852 413026.4 0
1762949189852 413026.4 0
1762949189852 413026.4 0
1762949189852 413026.4 0
1762949189852 413026.4 0
1762949189852 413026.4 0
1762949257056 413039.4 65
1762949258086 413039.4 66
1762949259118 413042.1 67
1762949260159 413042.1 68
1762949261197 413042.1 69
1762949262242 413042.1 70
1762949263281 413042.1 71
1762949264319 413042.1 72
1762949265355 413042.1 73
1762949266391 413042.1 74
1762949267443 413042.1 75
1762949268481 413042.1 76
1762949269519 413042.1 77
1762949270550 413042.1 78
1762949271587 413042.1 79
1762949272631 413042.1 80
1762949273672 413042.1 81
1762949189852 413026.4 0
1762949189852 413026.4 0
1762949189852 413026.4 0
1762949189852 413026.4 0
1762949189852 413026.4 0
1762949189852 413026.4 0
1762949189852 413026.4 0
1762949189852 413026.4 0
1762949189852 413026.4 0
1762949189852 413026.4 0
1762949274713 413042.1 82
1762949189852 413026.4 0
1762949189852 413026.4 0
1762949189852 413026.4 0
1762949189852 413026.4 0
1762949189852 413026.4 0
1762949189852 413026.4 0
1762949275744 413042.1 83
1762949276787 413044.9 84
1762949277809 413044.9 85
1762949278850 413044.9 86
1762949189852 413026.4 0
1762949189852 413026.4 0
1762949189852 413026.4 0
1762949189852 413026.4 0
1762949189852 413026.4 0
1762949189852 413026.4 0
1762949189852 413026.4 0
1762949189852 413026.4 0
1762949189852 413026.4 0
1762949189852 413026.4 0
1762949189852 413026.4 0
1762949189852 413026.4 0
1762949189852 413026.4 0
1762949189852 413026.4 0
1762949189852 413026.4 0
1762949189852 413026.4 0
1762949189852 413026.4 0
1762949189852 413026.4 0
1762949189852 413026.4 0
1762949189852 413026.4 0
1762949189852 413026.4 0
1762949189852 413026.4 0
1762949189852 413026.4 0
1762949189852 413026.4 0
1762949189852 413026.4 0
1762949189852 413026.4 0
1762949189852 413026.4 0
1762949189852 413026.4 0
1762949189852 413026.4 0
1762949189852 413026.4 0
1762949189852 413026.4 0
1762949189852 413026.4 0
1762949279891 413044.9 87
1762949280918 413048.7 88
1762949281947 413048.7 89
1762949282978 413048.7 90
