1762949189852 86.0 0
1762949190883 86.0 1
1762949191917 86.0 2
1762949192947 86.0 3
1762949193972 86.0 4
1762949195001 86.0 5
1762949196042 86.0 6
1762949197066 86.0 7
1762949198095 86.0 8
1762949199127 86.0 9
1762949200160 86.0 10
1762949201191 86.0 11
1762949189852 86.0 0
1762949202235 86.0 12
1762949203264 86.0 13
1762949204279 86.0 14
1762949205310 86.0 15
1762949206342 86.0 16
1762949207360 86.0 17
1762949208384 86.0 18
1762949209432 86.0 19
1762949210470 86.0 20
1762949211503 86.0 21
1762949212537 86.0 22
1762949213562 86.0 23
1762949214585 86.0 24
1762949215607 86.0 25
1762949216636 86.0 26
1762949217672 86.0 27
1762949218700 86.0 28
1762949219724 86.0 29
1762949220753 86.0 30
1762949221785 86.0 31
1762949189852 86.0 0
1762949189852 86.0 0
1762949222813 86.0 32
1762949223838 86.0 33
1762949224867 86.0 34
1762949225892 86.0 35
1762949226921 86.0 36
1762949227971 86.0 37
1762949229004 86.0 38
1762949230051 86.0 39
1762949231097 86.0 40
1762949232139 86.0 41
1762949233176 86.0 42
1762949234213 86.0 43
1762949235252 86.0 44
1762949236289 86.0 45
1762949237329 86.0 46
1762949238365 86.0 47
1762949189852 86.0 0
1762949189852 86.0 0
1762949189852 86.0 0
1762949189852 86.0 0
1762949239401 86.0 48
1762949240433 86.0 49
1762949241467 86.0 50
1762949242501 86.0 51
1762949243540 86.0 52
1762949244586 86.0 53
1762949245628 86.0 54
1762949246659 86.0 55
1762949247704 86.0 56
1762949248748 86.0 57
1762949249792 86.0 58
1762949250842 86.0 59
1762949251885 86.0 60
1762949252923 86.0 61
1762949253955 86.0 62
1762949254985 86.0 63
1762949256022 86.0 64
1762949189852 86.0 0
1762949189852 86.0 0
1762949189852 86.0 0
1762949189852 86.0 0
1762949189852 86.0 0
1762949189852 86.0 0
1762949189852 86.0 0
1762949257056 86.0 65
1762949189852 86.0 0
1762949258086 86.0 66
1762949259118 86.0 67
1762949260159 86.0 68
1762949261197 86.0 69
1762949262242 86.0 70
1762949263281 86.0 71
1762949264319 86.0 72
1762949265355 86.0 73
1762949266391 86.0 74
1762949267443 86.0 75
1762949268481 86.0 76
1762949269519 86.0 77
1762949270550 86.0 78
1762949271587 86.0 79
1762949272631 86.0 80
1762949273672 86.0 81
1762949274713 86.0 82
1762949189852 86.0 0
1762949189852 86.0 0
1762949189852 86.0 0
1762949189852 86.0 0
1762949189852 86.0 0
1762949189852 86.0 0
1762949189852 86.0 0
1762949189852 86.0 0
1762949189852 86.0 0
1762949189852 86.0 0
1762949189852 86.0 0
1762949189852 86.0 0
1762949189852 86.0 0
1762949189852 86.0 0
1762949189852 86.0 0
1762949189852 86.0 0
1762949275744 86.0 83
1762949276787 86.0 84
1762949277809 86.0 85
1762949278850 86.0 86
1762949189852 86.0 0
1762949189852 86.0 0
1762949189852 86.0 0
1762949189852 86.0 0
1762949189852 86.0 0
1762949189852 86.0 0
1762949189852 86.0 0
1762949189852 86.0 0
1762949189852 86.0 0
1762949189852 86.0 0
1762949189852 86.0 0
1762949189852 86.0 0
1762949189852 86.0 0
1762949189852 86.0 0
1762949189852 86.0 0
1762949189852 86.0 0
1762949189852 86.0 0
1762949189852 86.0 0
1762949189852 86.0 0
1762949189852 86.0 0
1762949189852 86.0 0
1762949189852 86.0 0
1762949189852 86.0 0
1762949189852 86.0 0
1762949189852 86.0 0
1762949189852 86.0 0
1762949189852 86.0 0
1762949189852 86.0 0
1762949189852 86.0 0
1762949189852 86.0 0
1762949189852 86.0 0
1762949189852 86.0 0
1762949279891 86.0 87
1762949280918 86.0 88
1762949281947 86.0 89
1762949282978 86.0 90
