1762949189852 0.0 0
1762949190883 0.007256999999981417 1
1762949191917 0.007256999999981417 2
1762949192947 0.007256999999981417 3
1762949193972 0.007256999999981417 4
1762949195001 0.007256999999981417 5
1762949196042 0.007256999999981417 6
1762949197066 0.012614999999868814 7
1762949198095 0.013547000000016851 8
1762949199127 0.014139999999997599 9
1762949200160 0.014279999999871507 10
1762949201191 0.01435799999990195 11
1762949189852 0.0 0
1762949202235 0.014463999999861699 12
1762949203264 0.014463999999861699 13
1762949204279 0.023367999999891254 14
1762949205310 0.023367999999891254 15
1762949206342 0.023891999999932523 16
1762949207360 0.028656999999839172 17
1762949208384 0.029577000000017506 18
1762949209432 0.030764999999973952 19
1762949210470 0.031793999999990774 20
1762949211503 0.03193199999986973 21
1762949212537 0.032123999999839725 22
1762949213562 0.0324679999998807 23
1762949214585 0.0326599999998507 24
1762949215607 0.03287599999998747 25
1762949216636 0.04244599999992715 26
1762949217672 0.04815299999995659 27
1762949218700 0.04829099999983555 28
1762949219724 0.04829099999983555 29
1762949220753 0.05912199999988843 30
1762949221785 0.06554699999992408 31
1762949189852 0.0 0
1762949189852 0.0 0
1762949222813 0.06554699999992408 32
1762949223838 0.06562299999995957 33
1762949224867 0.06562299999995957 34
1762949225892 0.06584899999984373 35
1762949226921 0.06584899999984373 36
1762949227971 0.06597499999998035 37
1762949229004 0.07171999999991385 38
1762949230051 0.07171999999991385 39
1762949231097 0.07171999999991385 40
1762949232139 0.07176600000002509 41
1762949233176 0.07190399999990404 42
1762949234213 0.07190399999990404 43
1762949235252 0.07190399999990404 44
1762949236289 0.07190399999990404 45
1762949237329 0.07190399999990404 46
1762949238365 0.07197999999993954 47
1762949189852 0.0 0
1762949189852 0.0 0
1762949189852 0.0 0
1762949189852 0.0 0
1762949239401 0.07743399999981193 48
1762949240433 0.07795299999997951 49
1762949241467 0.07828499999982341 50
1762949242501 0.07828499999982341 51
1762949243540 0.07832699999994475 52
1762949244586 0.07832699999994475 53
1762949245628 0.07861899999988964 54
1762949246659 0.07861899999988964 55
1762949247704 0.08048399999984213 56
1762949248748 0.08059800000000905 57
1762949249792 0.0862409999999727 58
1762949250842 0.0865649999998368 59
1762949251885 0.08698099999992337 60
1762949252923 0.08737699999983306 61
1762949253955 0.09697099999993952 62
1762949254985 0.09710899999981848 63
1762949256022 0.09710899999981848 64
1762949257056 0.09770699999990029 65
1762949189852 0.0 0
1762949189852 0.0 0
1762949189852 0.0 0
1762949189852 0.0 0
1762949189852 0.0 0
1762949189852 0.0 0
1762949189852 0.0 0
1762949189852 0.0 0
1762949258086 0.09797699999990073 66
1762949259118 0.09804299999996147 67
1762949260159 0.1039579999999205 68
1762949261197 0.10409600000002683 69
1762949262242 0.10421799999994619 70
1762949263281 0.10421799999994619 71
1762949264319 0.10421799999994619 72
1762949265355 0.10421799999994619 73
1762949266391 0.10421799999994619 74
1762949267443 0.10421799999994619 75
1762949268481 0.10421799999994619 76
1762949269519 0.11554699999987861 77
1762949270550 0.11653899999987516 78
1762949271587 0.11653899999987516 79
1762949272631 0.11838599999987309 80
1762949273672 0.11869099999989885 81
1762949274713 0.14452799999980925 82
1762949189852 0.0 0
1762949189852 0.0 0
1762949189852 0.0 0
1762949189852 0.0 0
1762949189852 0.0 0
1762949189852 0.0 0
1762949189852 0.0 0
1762949189852 0.0 0
1762949189852 0.0 0
1762949189852 0.0 0
1762949189852 0.0 0
1762949189852 0.0 0
1762949189852 0.0 0
1762949189852 0.0 0
1762949189852 0.0 0
1762949189852 0.0 0
1762949275744 0.18351699999993798 83
1762949276787 0.18365499999981694 84
1762949277809 0.18383299999982228 85
1762949278850 0.19342799999981253 86
1762949189852 0.0 0
1762949189852 0.0 0
1762949189852 0.0 0
1762949189852 0.0 0
1762949189852 0.0 0
1762949189852 0.0 0
1762949189852 0.0 0
1762949189852 0.0 0
1762949189852 0.0 0
1762949189852 0.0 0
1762949189852 0.0 0
1762949189852 0.0 0
1762949189852 0.0 0
1762949189852 0.0 0
1762949189852 0.0 0
1762949189852 0.0 0
1762949189852 0.0 0
1762949189852 0.0 0
1762949189852 0.0 0
1762949189852 0.0 0
1762949189852 0.0 0
1762949189852 0.0 0
1762949189852 0.0 0
1762949189852 0.0 0
1762949189852 0.0 0
1762949189852 0.0 0
1762949189852 0.0 0
1762949189852 0.0 0
1762949189852 0.0 0
1762949189852 0.0 0
1762949189852 0.0 0
1762949189852 0.0 0
1762949279891 0.1993049999998675 87
1762949280918 0.20467799999983072 88
1762949281947 0.21268199999985882 89
1762949282978 0.21281999999996515 90
