1762949189852 0.0 0
1762949190883 0.0026569999999992433 1
1762949191917 0.0027889999999999304 2
1762949192947 0.002835000000004584 3
1762949193972 0.002835000000004584 4
1762949195001 0.002835000000004584 5
1762949196042 0.002835000000004584 6
1762949197066 0.013390999999998598 7
1762949198095 0.013639000000004842 8
1762949199127 0.014493000000001643 9
1762949200160 0.014642999999999518 10
1762949201191 0.014724999999998545 11
1762949189852 0.0 0
1762949202235 0.014791000000002441 12
1762949203264 0.014791000000002441 13
1762949204279 0.02491300000000507 14
1762949205310 0.025134000000001322 15
1762949206342 0.025428000000005113 16
1762949207360 0.03737699999999933 17
1762949208384 0.04044300000000334 18
1762949209432 0.04495400000000416 19
1762949210470 0.047181000000001916 20
1762949211503 0.047674999999998136 21
1762949212537 0.04788100000000384 22
1762949213562 0.0480969999999985 23
1762949214585 0.04852699999999999 24
1762949215607 0.049063000000003854 25
1762949216636 0.052463000000003035 26
1762949217672 0.06467899999999815 27
1762949218700 0.0652030000000039 28
1762949219724 0.0652030000000039 29
1762949220753 0.07575200000000137 30
1762949221785 0.08053600000000216 31
1762949189852 0.0 0
1762949189852 0.0 0
1762949222813 0.08053600000000216 32
1762949223838 0.08061200000000213 33
1762949224867 0.08061200000000213 34
1762949225892 0.08065799999999967 35
1762949226921 0.08065799999999967 36
1762949227971 0.08248300000000341 37
1762949229004 0.09330900000000497 38
1762949230051 0.09330900000000497 39
1762949231097 0.09330900000000497 40
1762949232139 0.09330900000000497 41
1762949233176 0.093391000000004 42
1762949234213 0.09343700000000155 43
1762949235252 0.09352900000000375 44
1762949236289 0.09352900000000375 45
1762949237329 0.09370100000000292 46
1762949238365 0.09392900000000282 47
1762949189852 0.0 0
1762949189852 0.0 0
1762949189852 0.0 0
1762949189852 0.0 0
1762949239401 0.10872900000000385 48
1762949240433 0.10906299999999902 49
1762949241467 0.10937300000000505 50
1762949242501 0.10937300000000505 51
1762949243540 0.10941499999999849 52
1762949244586 0.10941499999999849 53
1762949245628 0.10953599999999852 54
1762949246659 0.10953599999999852 55
1762949247704 0.11223800000000494 56
1762949248748 0.11352600000000024 57
1762949249792 0.12566000000000344 58
1762949250842 0.1260820000000038 59
1762949251885 0.1265950000000018 60
1762949252923 0.1272689999999983 61
1762949253955 0.1307469999999995 62
1762949254985 0.1311549999999997 63
1762949256022 0.13202799999999826 64
1762949257056 0.13271100000000047 65
1762949189852 0.0 0
1762949189852 0.0 0
1762949189852 0.0 0
1762949189852 0.0 0
1762949189852 0.0 0
1762949189852 0.0 0
1762949189852 0.0 0
1762949189852 0.0 0
1762949258086 0.13287499999999852 66
1762949259118 0.1350139999999982 67
1762949260159 0.1465820000000022 68
1762949261197 0.14666400000000124 69
1762949262242 0.1467400000000012 70
1762949263281 0.1467400000000012 71
1762949264319 0.1467400000000012 72
1762949265355 0.1468320000000034 73
1762949266391 0.1468320000000034 74
1762949267443 0.1468320000000034 75
1762949268481 0.1497060000000019 76
1762949269519 0.16897300000000115 77
1762949270550 0.16913500000000425 78
1762949271587 0.16913500000000425 79
1762949272631 0.17182100000000133 80
1762949273672 0.1730450000000019 81
1762949274713 0.1778240000000011 82
1762949189852 0.0 0
1762949189852 0.0 0
1762949189852 0.0 0
1762949189852 0.0 0
1762949189852 0.0 0
1762949189852 0.0 0
1762949189852 0.0 0
1762949189852 0.0 0
1762949189852 0.0 0
1762949189852 0.0 0
1762949189852 0.0 0
1762949189852 0.0 0
1762949189852 0.0 0
1762949189852 0.0 0
1762949189852 0.0 0
1762949189852 0.0 0
1762949275744 0.17894799999999833 83
1762949276787 0.17932400000000115 84
1762949277809 0.1798040000000043 85
1762949278850 0.1833480000000023 86
1762949189852 0.0 0
1762949189852 0.0 0
1762949189852 0.0 0
1762949189852 0.0 0
1762949189852 0.0 0
1762949189852 0.0 0
1762949189852 0.0 0
1762949189852 0.0 0
1762949189852 0.0 0
1762949189852 0.0 0
1762949189852 0.0 0
1762949189852 0.0 0
1762949189852 0.0 0
1762949189852 0.0 0
1762949189852 0.0 0
1762949189852 0.0 0
1762949189852 0.0 0
1762949189852 0.0 0
1762949189852 0.0 0
1762949189852 0.0 0
1762949189852 0.0 0
1762949189852 0.0 0
1762949189852 0.0 0
1762949189852 0.0 0
1762949189852 0.0 0
1762949189852 0.0 0
1762949189852 0.0 0
1762949189852 0.0 0
1762949189852 0.0 0
1762949189852 0.0 0
1762949189852 0.0 0
1762949189852 0.0 0
1762949279891 0.19608699999999857 87
1762949280918 0.20248700000000497 88
1762949281947 0.2202740000000034 89
1762949282978 0.22079800000000205 90
