1762949189852 10607.7 0
1762949190883 10923.5 1
1762949191917 10901.6 2
1762949192947 10910.3 3
1762949193972 10900.5 4
1762949195001 10899.1 5
1762949196042 10899.4 6
1762949197066 10899.9 7
1762949198095 10900.2 8
1762949199127 10902.9 9
1762949200160 10903.9 10
1762949201191 10903.0 11
1762949189852 10607.7 0
1762949202235 10910.2 12
1762949203264 10914.6 13
1762949204279 10917.0 14
1762949205310 10916.8 15
1762949206342 11017.9 16
1762949207360 11137.2 17
1762949208384 11182.6 18
1762949209432 11366.1 19
1762949210470 11240.8 20
1762949211503 11189.0 21
1762949212537 11189.0 22
1762949213562 11190.3 23
1762949214585 11191.2 24
1762949215607 11187.6 25
1762949216636 11190.6 26
1762949217672 11189.3 27
1762949218700 11087.3 28
1762949219724 11085.1 29
1762949220753 11083.3 30
1762949221785 11099.1 31
1762949189852 10607.7 0
1762949189852 10607.7 0
1762949222813 11089.1 32
1762949223838 11145.6 33
1762949224867 11284.8 34
1762949225892 11391.2 35
1762949226921 11514.7 36
1762949227971 11110.6 37
1762949229004 11093.7 38
1762949230051 11090.7 39
1762949231097 11089.8 40
1762949232139 11088.2 41
1762949233176 11086.8 42
1762949234213 11083.9 43
1762949235252 11083.3 44
1762949236289 11083.1 45
1762949237329 11082.2 46
1762949238365 11088.8 47
1762949189852 10607.7 0
1762949189852 10607.7 0
1762949189852 10607.7 0
1762949189852 10607.7 0
1762949239401 11101.4 48
1762949240433 11099.5 49
1762949241467 11192.7 50
1762949242501 11348.7 51
1762949243540 11391.5 52
1762949244586 11094.6 53
1762949245628 11096.6 54
1762949246659 11085.4 55
1762949247704 11090.8 56
1762949248748 11089.3 57
1762949249792 11088.3 58
1762949250842 11088.1 59
1762949251885 11088.2 60
1762949252923 11088.7 61
1762949253955 11087.9 62
1762949254985 11087.3 63
1762949256022 11087.4 64
1762949257056 11094.6 65
1762949189852 10607.7 0
1762949189852 10607.7 0
1762949189852 10607.7 0
1762949189852 10607.7 0
1762949189852 10607.7 0
1762949189852 10607.7 0
1762949189852 10607.7 0
1762949189852 10607.7 0
1762949258086 11094.9 66
1762949259118 11179.2 67
1762949260159 11346.2 68
1762949261197 11385.8 69
1762949262242 11092.2 70
1762949263281 11087.1 71
1762949264319 11085.9 72
1762949265355 11095.1 73
1762949266391 11085.7 74
1762949267443 11084.9 75
1762949268481 11084.7 76
1762949269519 11082.2 77
1762949270550 11081.9 78
1762949271587 11081.3 79
1762949272631 11084.1 80
1762949273672 11079.6 81
1762949274713 11079.6 82
1762949189852 10607.7 0
1762949189852 10607.7 0
1762949189852 10607.7 0
1762949189852 10607.7 0
1762949189852 10607.7 0
1762949189852 10607.7 0
1762949189852 10607.7 0
1762949189852 10607.7 0
1762949189852 10607.7 0
1762949189852 10607.7 0
1762949189852 10607.7 0
1762949189852 10607.7 0
1762949189852 10607.7 0
1762949189852 10607.7 0
1762949189852 10607.7 0
1762949189852 10607.7 0
1762949275744 11082.9 83
1762949276787 11171.0 84
1762949277809 11321.5 85
1762949278850 11404.6 86
1762949189852 10607.7 0
1762949189852 10607.7 0
1762949189852 10607.7 0
1762949189852 10607.7 0
1762949189852 10607.7 0
1762949189852 10607.7 0
1762949189852 10607.7 0
1762949189852 10607.7 0
1762949189852 10607.7 0
1762949189852 10607.7 0
1762949189852 10607.7 0
1762949189852 10607.7 0
1762949189852 10607.7 0
1762949189852 10607.7 0
1762949189852 10607.7 0
1762949189852 10607.7 0
1762949189852 10607.7 0
1762949189852 10607.7 0
1762949189852 10607.7 0
1762949189852 10607.7 0
1762949189852 10607.7 0
1762949189852 10607.7 0
1762949189852 10607.7 0
1762949189852 10607.7 0
1762949189852 10607.7 0
1762949189852 10607.7 0
1762949189852 10607.7 0
1762949189852 10607.7 0
1762949189852 10607.7 0
1762949189852 10607.7 0
1762949189852 10607.7 0
1762949189852 10607.7 0
1762949279891 11091.0 87
1762949280918 11116.0 88
1762949281947 11181.1 89
1762949282978 11378.2 90
