1762949189852 62.4 0
1762949190883 64.3 1
1762949191917 64.2 2
1762949192947 64.2 3
1762949193972 64.2 4
1762949195001 64.2 5
1762949196042 64.2 6
1762949197066 64.2 7
1762949198095 64.2 8
1762949199127 64.2 9
1762949200160 64.2 10
1762949201191 64.2 11
1762949189852 62.4 0
1762949202235 64.2 12
1762949203264 64.2 13
1762949204279 64.3 14
1762949205310 64.3 15
1762949206342 64.9 16
1762949207360 65.6 17
1762949208384 65.8 18
1762949209432 66.9 19
1762949210470 66.2 20
1762949211503 65.9 21
1762949212537 65.9 22
1762949213562 65.9 23
1762949214585 65.9 24
1762949215607 65.8 25
1762949216636 65.9 26
1762949217672 65.9 27
1762949218700 65.3 28
1762949219724 65.2 29
1762949220753 65.2 30
1762949221785 65.3 31
1762949189852 62.4 0
1762949189852 62.4 0
1762949222813 65.3 32
1762949223838 65.6 33
1762949224867 66.4 34
1762949225892 67.0 35
1762949226921 67.8 36
1762949227971 65.4 37
1762949229004 65.3 38
1762949230051 65.3 39
1762949231097 65.3 40
1762949232139 65.3 41
1762949233176 65.3 42
1762949234213 65.2 43
1762949235252 65.2 44
1762949236289 65.2 45
1762949237329 65.2 46
1762949238365 65.3 47
1762949189852 62.4 0
1762949189852 62.4 0
1762949189852 62.4 0
1762949189852 62.4 0
1762949239401 65.3 48
1762949240433 65.3 49
1762949241467 65.9 50
1762949242501 66.8 51
1762949243540 67.0 52
1762949244586 65.3 53
1762949245628 65.3 54
1762949246659 65.2 55
1762949247704 65.3 56
1762949248748 65.3 57
1762949249792 65.3 58
1762949250842 65.3 59
1762949251885 65.3 60
1762949252923 65.3 61
1762949253955 65.3 62
1762949254985 65.3 63
1762949256022 65.3 64
1762949257056 65.3 65
1762949189852 62.4 0
1762949189852 62.4 0
1762949189852 62.4 0
1762949189852 62.4 0
1762949189852 62.4 0
1762949189852 62.4 0
1762949189852 62.4 0
1762949189852 62.4 0
1762949258086 65.3 66
1762949259118 65.8 67
1762949260159 66.8 68
1762949261197 67.0 69
1762949262242 65.3 70
1762949263281 65.3 71
1762949264319 65.3 72
1762949265355 65.3 73
1762949266391 65.2 74
1762949267443 65.2 75
1762949268481 65.2 76
1762949269519 65.2 77
1762949270550 65.2 78
1762949271587 65.2 79
1762949272631 65.2 80
1762949273672 65.2 81
1762949274713 65.2 82
1762949189852 62.4 0
1762949189852 62.4 0
1762949189852 62.4 0
1762949189852 62.4 0
1762949189852 62.4 0
1762949189852 62.4 0
1762949189852 62.4 0
1762949189852 62.4 0
1762949189852 62.4 0
1762949189852 62.4 0
1762949189852 62.4 0
1762949189852 62.4 0
1762949189852 62.4 0
1762949189852 62.4 0
1762949189852 62.4 0
1762949189852 62.4 0
1762949275744 65.2 83
1762949276787 65.8 84
1762949277809 66.6 85
1762949278850 67.1 86
1762949189852 62.4 0
1762949189852 62.4 0
1762949189852 62.4 0
1762949189852 62.4 0
1762949189852 62.4 0
1762949189852 62.4 0
1762949189852 62.4 0
1762949189852 62.4 0
1762949189852 62.4 0
1762949189852 62.4 0
1762949189852 62.4 0
1762949189852 62.4 0
1762949189852 62.4 0
1762949189852 62.4 0
1762949189852 62.4 0
1762949189852 62.4 0
1762949189852 62.4 0
1762949189852 62.4 0
1762949189852 62.4 0
1762949189852 62.4 0
1762949189852 62.4 0
1762949189852 62.4 0
1762949189852 62.4 0
1762949189852 62.4 0
1762949189852 62.4 0
1762949189852 62.4 0
1762949189852 62.4 0
1762949189852 62.4 0
1762949189852 62.4 0
1762949189852 62.4 0
1762949189852 62.4 0
1762949189852 62.4 0
1762949279891 65.3 87
1762949280918 65.4 88
1762949281947 65.8 89
1762949282978 67.0 90
